
QR DECOMPOSITION

Matrix A 5x4 randomly generated:

[[0.94279725 0.69419019 0.00864883 0.64717931]
 [0.50010141 0.29559953 0.66058708 0.07975883]
 [0.42418115 0.98362892 0.64869283 0.54291653]
 [0.14858277 0.64928572 0.7422209  0.41432481]
 [0.17549312 0.25286264 0.92082639 0.01780663]]

Matrix Q 5x4:

[[ 0.80496552 -0.29346852 -0.35719773  0.31547071]
 [ 0.42698936 -0.24418861  0.53733974 -0.3352632 ]
 [ 0.36216822  0.68613379 -0.18980201 -0.58599307]
 [ 0.12686079  0.61175076  0.14195352  0.6556107 ]
 [ 0.14983699  0.09607066  0.72629207  0.12191617]]

Matrix upper triangular R 4x4:

[[ 1.17122688  1.16151323  0.75609418  0.80686998]
 [ 0.          0.82048975  0.82376267  0.41828464]
 [ 0.          0.          1.00289692 -0.21961236]
 [ 0.          0.          0.          0.13308728]]

Check that Qt*Q = I:

[[ 1.00000000e+00 -2.26759376e-16  8.54410686e-17 -8.23251131e-17]
 [-2.26759376e-16  1.00000000e+00  2.43659321e-17 -2.81614333e-16]
 [ 8.54410686e-17  2.43659321e-17  1.00000000e+00  6.22330761e-16]
 [-8.23251131e-17 -2.81614333e-16  6.22330761e-16  1.00000000e+00]]

Check that Q*R = A:

[[0.94279725 0.69419019 0.00864883 0.64717931]
 [0.50010141 0.29559953 0.66058708 0.07975883]
 [0.42418115 0.98362892 0.64869283 0.54291653]
 [0.14858277 0.64928572 0.7422209  0.41432481]
 [0.17549312 0.25286264 0.92082639 0.01780663]]

SOLVING LINEAL EQUATION SYSTEM

Random matrix A:

[[0.80621176 0.34394977 0.04822041 0.76954855]
 [0.66378933 0.23935053 0.30202614 0.88901299]
 [0.24946626 0.58477767 0.91577403 0.80457547]
 [0.24235033 0.4896522  0.49439254 0.95101328]]

Random vector b:

[0.60671895 0.65881185 0.71045276 0.89998453]

Solution (x) of the system of linear equations A*x = Q*Rx = b:

[-0.28990838  0.41588231 -0.21906591  0.91997746]

Check that A*x = b:

[0.60671895 0.65881185 0.71045276 0.89998453]

INVERSE CALCULATION

Inverse matrix of A (from the lineal equation system), B:

[[ 1.20449678  0.50334747  1.01382998 -2.30291623]
 [ 3.32662995 -4.7263197   0.83130095  1.02302675]
 [-1.24778779  1.57500552  1.63453849 -1.8454807 ]
 [-1.37106909  1.4864098  -1.53610263  2.07103006]]

Check that A*B = I:

[[ 1.00000000e+00 -1.17924403e-15 -3.09159603e-17 -1.91942410e-16]
 [-5.39302406e-16  1.00000000e+00  5.02031709e-16 -3.81256238e-16]
 [ 5.66486607e-16 -9.15228160e-16  1.00000000e+00  1.14011506e-15]
 [-1.60283420e-15  1.60414845e-15  9.92538328e-17  1.00000000e+00]]

Check that B*A = I:

[[ 1.00000000e+00  1.77961807e-16 -2.18963045e-15 -9.67549831e-16]
 [-3.11300574e-15  1.00000000e+00 -4.07287818e-15 -5.38073489e-15]
 [ 1.09936518e-15  5.78385354e-16  1.00000000e+00  1.12792836e-15]
 [ 4.68775244e-16  3.53106499e-16  3.46633651e-15  1.00000000e+00]]
