
Golub-Kahan-Lanczos Bidiagonalization

Matrix A 5x4 randomly generated:

[[0.80777416 0.15363945 0.411516   0.90801935]
 [0.36896495 0.68983763 0.44140712 0.39755998]
 [0.56716475 0.11810472 0.56075585 0.53480883]
 [0.62458398 0.55306764 0.26785386 0.67062253]]

Matrix U obtained from Golub-Kahan-Lanczos Bidiagonalization process:

[[ 0.56232159  0.62999058 -0.08274703  0.52920623]
 [ 0.46785653 -0.77168078  0.04474099  0.42850588]
 [ 0.43902845  0.07275884  0.78535809 -0.43031714]
 [ 0.52168834 -0.04823688 -0.6118528  -0.59257965]]

Matrix V obtained from Golub-Kahan-Lanczos Bidiagonalization process:

[[ 0.5         0.40674333  0.07746792 -0.76063039]
 [ 0.5        -0.57355214 -0.64738332 -0.04396346]
 [ 0.5        -0.41242078  0.73910073  0.18340997]
 [ 0.5         0.57922959 -0.16918533  0.62118388]]

Bidiagonal Matrix :

[[ 2.02815347e+00  4.61259977e-01 -5.24523895e-14 -3.34604735e-11]
 [-6.07068193e-15  5.35395308e-01  2.26374388e-01 -2.06970847e-12]
 [-3.00128317e-13 -7.33059775e-14  3.50133986e-01  1.86466939e-02]
 [-1.80509731e-09 -4.40005075e-10 -1.28433566e-11  3.75921123e-02]]

--------------

Check that U is orthogonal: U*U^T =

[[ 9.99999999e-01 -4.27185187e-10  2.08278353e-11  7.31715537e-11]
 [-4.27185187e-10  1.00000000e+00 -8.64449232e-12  2.41038309e-11]
 [ 2.08278353e-11 -8.64449232e-12  1.00000000e+00  4.32779402e-10]
 [ 7.31715537e-11  2.41038309e-11  4.32779402e-10  1.00000000e+00]]

Check that V is orthogonal: V*V^T =

[[ 1.00000000e+00  4.64297318e-12  3.08168267e-12  1.78715650e-12]
 [ 4.64297318e-12  1.00000000e+00 -7.39533492e-13 -2.99623962e-12]
 [ 3.08168267e-12 -7.39533492e-13  1.00000000e+00 -5.77592096e-12]
 [ 1.78715650e-12 -2.99623962e-12 -5.77592096e-12  1.00000000e+00]]
