
QR DECOMPOSITION

Matrix A 5x4 randomly generated:

[[0.55331885 0.69578398 0.63540864 0.2177566 ]
 [0.03028614 0.15258681 0.37877287 0.95913717]
 [0.46893751 0.58766934 0.00917638 0.27283555]
 [0.1077933  0.69646173 0.14204659 0.04681084]
 [0.15944996 0.24404405 0.46332204 0.4204441 ]]

Matrix Q 5x4:

[[ 0.73676037 -0.12109408  0.33024999 -0.41010633]
 [ 0.04032689  0.19548156  0.51993512  0.76168625]
 [ 0.62440413 -0.1061703  -0.56769329  0.47750716]
 [ 0.14352996  0.96648366 -0.14895901 -0.1519837 ]
 [ 0.21231232  0.04195691  0.52548831 -0.0231243 ]]

Matrix upper triangular R 4x4:

[[0.75101602 1.03749926 0.60790533 0.46545732]
 [0.         0.56653778 0.1528499  0.19504001]
 [0.         0.         0.62388284 0.62968187]
 [0.         0.         0.         0.75470219]]

Check that Qt*Q = I:

[[ 1.00000000e+00  3.27199385e-17 -1.11972458e-16  5.79982973e-17]
 [ 3.27199385e-17  1.00000000e+00 -1.05210652e-16  4.72006710e-17]
 [-1.11972458e-16 -1.05210652e-16  1.00000000e+00 -9.60272815e-17]
 [ 5.79982973e-17  4.72006710e-17 -9.60272815e-17  1.00000000e+00]]

Check that Q*R = A:

[[0.55331885 0.69578398 0.63540864 0.2177566 ]
 [0.03028614 0.15258681 0.37877287 0.95913717]
 [0.46893751 0.58766934 0.00917638 0.27283555]
 [0.1077933  0.69646173 0.14204659 0.04681084]
 [0.15944996 0.24404405 0.46332204 0.4204441 ]]

SOLVING LINEAL EQUATION SYSTEM

Random matrix A:

[[0.62693849 0.08464877 0.63185164 0.45200284]
 [0.08490928 0.2493337  0.28005174 0.025995  ]
 [0.95247328 0.20131896 0.14715069 0.89555666]
 [0.7013296  0.80177618 0.85750266 0.93824796]]

Random vector b:

[0.28208841 0.40961774 0.40689659 0.17773481]

Solution (x) of the system of linear equations A*x = Q*Rx = b:

[ 2.7455024   1.59278382 -0.5338798  -2.73597192]

Check that A*x = b:

[0.28208841 0.40961774 0.40689659 0.17773481]

INVERSE CALCULATION

Inverse matrix of A (from the lineal equation system), B:

[[ 0.13311615  5.46989214  2.13160251 -2.25028953]
 [-1.95569059  4.29705745  1.00323437 -0.13448207]
 [ 1.6990644  -1.30360516 -1.43362035  0.58597893]
 [ 0.01888157 -6.56929828 -1.14041506  2.32725334]]

Check that A*B = I:

[[ 1.00000000e+00 -1.10852858e-15 -4.77069155e-16  4.43686733e-16]
 [-8.06626879e-16  1.00000000e+00  1.78930641e-15 -4.52710957e-16]
 [-2.51544591e-16  1.43336493e-15  1.00000000e+00 -6.07817703e-16]
 [ 5.57710283e-16 -2.09051192e-16 -6.95219822e-16  1.00000000e+00]]

Check that B*A = I:

[[ 1.00000000e+00 -2.00115135e-15 -6.33481788e-15  5.35761708e-15]
 [ 4.40971168e-15  1.00000000e+00 -3.86933835e-15  3.51355225e-15]
 [-2.25152840e-15  6.20163456e-16  1.00000000e+00 -1.42362984e-15]
 [-6.27264174e-15  2.03402954e-15  7.12827131e-15  1.00000000e+00]]
